Temp (K)     Pressure (Pa)      xHg             xHw        Volume(m3/mol)
 280             2.5e+06     0.071612	      0.92839       2.1361e-05
 280          3.0779e+06     0.078833	      0.92117       2.1204e-05
 280          3.7893e+06     0.085701	       0.9143       2.1051e-05
 280          4.6652e+06     0.092848	      0.90715       2.0897e-05
 280          5.7435e+06      0.10012	      0.89988       2.0741e-05
 280          7.0711e+06      0.10731	      0.89269       2.0582e-05
 280          8.7055e+06      0.11268	      0.88732        2.046e-05
 280          1.0718e+07      0.11776	      0.88224       2.0353e-05
 280          1.3195e+07      0.12273	      0.87727       2.0237e-05
 280          1.6245e+07      0.12707	      0.87293       2.0136e-05
 280               2e+07      0.13093	      0.86907        2.005e-05
 280             2.5e+06     0.071612	      0.92839        2.1361e-05 
 280          3.2052e+06     0.079789	      0.92021        2.1183e-05
 280          4.1094e+06     0.088789	      0.91121        2.0984e-05
 280          5.2686e+06      0.09705	      0.90295        2.0806e-05
 280          6.7548e+06      0.10547	      0.89453        2.0618e-05
 280          8.6603e+06      0.11226	      0.88774        2.0475e-05
 280          1.1103e+07      0.11857	      0.88143        2.0329e-05
 280          1.4235e+07      0.12454	      0.87546        2.0202e-05
 280          1.8251e+07      0.12987	      0.87013        2.0076e-05
 280          2.3399e+07      0.13309	      0.86691        1.9999e-05
 280               3e+07      0.13704	      0.86296          1.99e-05
 280             2.5e+06     0.071612	      0.92839          2.1361e-05
 280          3.2988e+06      0.08126	      0.91874           2.115e-05
 280          4.3528e+06     0.090734	      0.90927          2.0939e-05
 280          5.7435e+06      0.10012	      0.89988          2.0741e-05
 280          7.5786e+06      0.10878	      0.89122          2.0548e-05
 280               1e+07      0.11668	      0.88332          2.0373e-05
 280          1.3195e+07      0.12273	      0.87727          2.0237e-05
 280          1.7411e+07      0.12871	      0.87129          2.0098e-05
 280          2.2974e+07       0.1332	       0.8668          1.9992e-05
 280          3.0314e+07      0.13715	      0.86285            1.99e-05
 280               4e+07      0.14056	      0.85944          1.9811e-05
 280          	   2.5e+06     0.071612	      0.92839            2.1361e-05
 280          	3.3732e+06      0.08171	      0.91829            2.1143e-05
 280          	4.5514e+06     0.092428	      0.90757            2.0903e-05
 280          	6.1411e+06      0.10167	      0.89833            2.0698e-05
 280          	8.2861e+06      0.11157	      0.88843            2.0484e-05
 280          	 1.118e+07      0.11958	      0.88042            2.0308e-05
 280          	1.5085e+07      0.12582	      0.87418            2.0166e-05
 280          	2.0355e+07      0.13111	      0.86889            2.0047e-05
 280          	2.7464e+07      0.13618	      0.86382            1.9923e-05
 280          	3.7057e+07      0.13969	      0.86031            1.9834e-05
 280          	     5e+07      0.14319	      0.85681            1.9736e-05
 280          	   2.5e+06     0.071612	      0.92839	    2.1361e-05
 280          	3.4353e+06      0.08253	      0.91747	     2.112e-05
 280          	4.7204e+06     0.093222	      0.90678	    2.0885e-05
 280          	6.4864e+06      0.10341	      0.89659	    2.0663e-05
 280          	 8.913e+06      0.11343	      0.88657	    2.0441e-05
 280          	1.2247e+07      0.12094	      0.87906	    2.0282e-05
 280          	1.6829e+07      0.12817	      0.87183	    2.0114e-05
 280          	2.3125e+07      0.13374	      0.86626	    1.9981e-05
 280          	3.1777e+07      0.13767	      0.86233	    1.9884e-05
 280          	4.3665e+07      0.14135	      0.85865	    1.9785e-05
 280          	     6e+07       0.1445	       0.8555	    1.9696e-05
 280          	   2.5e+06         0.071612          0.92839          2.1361e-05
 280          	3.4886e+06         0.083504           0.9165          2.1101e-05
 280          	4.8682e+06         0.094735          0.90527          2.0858e-05
 280          	6.7934e+06          0.10569          0.89431          2.0619e-05
 280          	9.4799e+06          0.11458          0.88542          2.0417e-05
 280          	1.3229e+07          0.12333          0.87667          2.0221e-05
 280          	 1.846e+07          0.13004          0.86996          2.0067e-05
 280          	 2.576e+07           0.1353           0.8647          1.9945e-05
 280          	3.5947e+07          0.13936          0.86064          1.9841e-05
 280          	5.0163e+07          0.14307          0.85693          1.9732e-05
 280          	     7e+07          0.14598          0.85402          1.9641e-05
 280             2.5e+06                0.071612    0.92839      2.1361e-05 
 280          3.5355e+06                0.083506    0.91649      2.1101e-05
 280               5e+06                0.095156    0.90484      2.0843e-05
 280          7.0711e+06                 0.10731    0.89269      2.0582e-05
 280               1e+07                 0.11668    0.88332      2.0373e-05
 280          1.4142e+07                 0.12421    0.87579      2.0202e-05
 280               2e+07                 0.13093    0.86907       2.005e-05
 280          2.8284e+07                 0.13644    0.86356      1.9922e-05
 280               4e+07                 0.14056    0.85944      1.9811e-05
 280           5.6569e+07                0.14402    0.85598      1.9704e-05
 280                8e+07                0.14732    0.85268      1.9589e-05
