Temp(K)        Pressure(Pa)               xHg                     xHw                  Volume(m3/mol)
 280          2500000.00000002        0.071444177408783      0.928555822591217       2.13591476403758E-05
 280          2685840.78175871        0.073370016979131      0.926629983020868       2.1315997476296E-05
 280          2885496.28198328        0.076393779512105      0.923606220487895       2.12561336281629E-05
 280          3099993.4359055         0.079034421765667      0.920965578234333       2.11963808084317E-05
 280          3330435.5173357         0.081597372288011      0.918402627711989       2.11399152368398E-05
 280          3578007.81339113        0.084102305772445      0.915897694227555       2.10844872589202E-05
 280          3843983.72106286        0.086519376871879      0.913480623128120       2.1032404952677E-05
 280          4129731.29697886        0.088667309960330      0.911332690039670       2.09838378564919E-05
 280          4436720.29405241        0.091195825915887      0.908804174084112       2.09291997311009E-05
 280          4766529.72120895        0.093936771443551      0.906063228556448       2.0871374158144E-05
 280          5120855.96507515        0.095699586083082      0.904300413916917       2.08321289691973E-05
 280       2500000.00000000	0.071444177408783	0.928555822591217		2.13591476403758E-05
 280       2731157.21167718	0.074486799527716	0.925513200472284		2.12957996400026E-05
 280       2983687.88595852	0.0774407119986976	0.922559288001303		2.12317532289575E-05
 280       3259568.27485178	0.0805362366753813	0.919463763324619		2.11632818771664E-05
 280       3560957.36032624	0.0838388499482975	0.916161150051702		2.10931488862916E-05
 280       3890213.75005198	0.0870105772509888	0.912989422749011		2.10189927914115E-05
 280       4249914.13536809	0.0901031996922408	0.909896800307759		2.09553696489203E-05
 280       4642873.45592774	0.0931084242225405	0.906891575777459		2.08884471615627E-05
 280       5072166.92882465	0.0960289749300918	0.903971025069908		2.08244608577223E-05
 280       5541154.11459598	0.0986106674125221	0.901389332587478		2.07709353438734E-05
 280       6053505.2084374	0.101626518399812	0.898373481600188		2.06998489081129E-05
 280       2499999.99999999	0.071444177408783	0.928555822591217		2.13591476403758E-05
 280       2777238.23599549	0.0750174454430326	0.924982554556967		2.12839992708961E-05
 280       3085220.88779015	0.0786981462864761	0.921301853713524		2.11999585685137E-05
 280       3427357.36642512	0.0822704090239811	0.917729590976019		2.11248296194526E-05
 280       3807435.17058267	0.0861302116616505	0.91386978833835		2.10444816443205E-05
 280       4229661.8147265	0.0898511036559209	0.910148896344079		2.09616189273494E-05
 280       4698711.40687543	0.0933043190715436	0.906695680928456		2.08853806788484E-05
 280       5219776.39163307	0.0972165060685638	0.902783493931436		2.07987033772068E-05
 280       5798625.03127599	0.10011844029352	0.89988155970648		2.07351153370255E-05
 280       6441665.26122412	0.103249599264665	0.896750400735335		2.06654690103502E-05
 280       7156015.62678224	0.107034988470246	0.892965011529754		2.05887547011981E-05
 280         2499999.99999999	0.071444177408783	0.928555822591217		2.13591476403758E-05
 280         2810628.50986042	0.0757554340143747	0.924244565985625		2.12701697823676E-05
 280         3159853.04817611	0.0795941280812448	0.920405871918755		2.1185822372495E-05
 280         3552469.22566927	0.0836394606409673	0.916360539359033		2.10969278541262E-05
 280         3993868.51442715	0.0874320606589277	0.912567939341072		2.10107442595451E-05
 280         4490112.28451316	0.0917438851323149	0.908256114867685		2.09149290925787E-05
 280         5048015.0397309	0.0957194283350998	0.904280571664900		2.08345953477424E-05
 280         5675237.99554878	0.0998706725951655	0.900129327404835		2.07442925645346E-05
 280         6380394.28421304	0.103369616097153	0.896630383902847		2.06658799504216E-05
 280         7173167.2317439	0.106607948036114	0.893392051963886		2.0596978626909E-05
 280         8064443.33101443	0.110826343077195	0.889173656922805		2.05027958888794E-05
 280       2500000.00000000	0.071444177408783	0.928555822591217		2.13591476403758E-05
 280       2871745.88749259	0.0762971742164657	0.923702825783534		2.12558615532471E-05
 280       3298769.77693224	0.0815192212363562	0.918480778763644		2.11443581034993E-05
 280       3789291.416276	0.0854591364985862	0.914540863501414		2.1054507805539E-05
 280       4352752.81648062	0.0906811533639783	0.909318846636022		2.09433477576264E-05
 280       5000000.00000000	0.0954078646304475	0.904592135369552		2.08377676195924E-05
 280       5743491.77498518	0.0999111824122645	0.900088817587736		2.07423225666827E-05
 280       6597539.55386448	0.10409081357118	0.89590918642882		2.06529077918408E-05
 280       7578582.832552	0.108815583145868	0.891184416854132		2.05448585343031E-05
 280       8705505.63296125	0.112845990063875	0.887154009936125		2.04606660243498E-05
 280       10000000.0000	0.116747187716551	0.883252812283449		2.03706525614656E-05
 280         2500000.00000001	0.071444177408783	0.928555822591217		2.13591476403758E-05
 280         2927187.25846575	0.076726097898262	0.923273902101738		2.12454597870089E-05
 280         3427370.09844968	0.0822704090239811	0.917729590976019		2.11248296194526E-05
 280         4013021.63289134	0.0877197689784474	0.912280231021553		2.10030696821106E-05
 280         4698746.31669875	0.0933043190715436	0.906695680928456		2.08853806788484E-05
 280         5501644.13960135	0.0983208214297317	0.901679178570268		2.07784129849758E-05
 280         6441737.0504215	0.103249599264665	0.896750400735335		2.06654690103502E-05
 280         7542468.24655218	0.108512979985461	0.891487020014539		2.05531374509109E-05
 280         8831286.77947597	0.112579125642483	0.887420874357517		2.04632050966669E-05
 280         10340332.0546956	0.116993779351029	0.883006220648971		2.03709876099943E-05
 280         12107235.2955239	0.121483917018988	0.878516082981012		2.02679057468517E-05
 280        2500000.00000002	0.071444177408783	0.928555822591217		2.13591476403758E-05
 280        2976575.76919114	0.0776096525436948	0.922390347456305		2.12258636015274E-05
 280        3544001.32389431	0.0836277291553945	0.916372270844605		2.10970761929853E-05
 280        4219595.38667402	0.0894074653857665	0.910592534614234		2.09736510743318E-05
 280        5023978.15350581	0.0956244181407102	0.90437558185929		2.08373851576007E-05
 280        5981700.65466837	0.101016050168593	0.898983949831407		2.07190906975653E-05
 280        7121994.09089621	0.10673352153232	0.89326647846768		2.05945978330406E-05
 280        8479662.0157136	0.112197363748407	0.887802636251593		2.04726373025945E-05
 280        10096142.5947614	0.116385653481538	0.883614346518462		2.03826691520486E-05
 280        12020773.363946	0.120839339853775	0.879160660146225		2.02775981589341E-05
 280        14312297.0888239	0.124990590431901	0.875009409568099		2.01886321930116E-05
