Temp        Pressure        NumberArgon     InternalEnergy     Volume
200        51.20856e5       23.5202         -55656.9          5.13271E-027
200        60.53505e5       23.5832         -55649.7          5.13298E-027
200        71.56016e5       23.6544         -55630.2          5.13302E-027
200        80.64443e5       23.6613         -55610.6          5.13371E-027
200        100e5            23.7594         -55608.1          5.13266E-027
200        121.07235e5      23.8285         -55581.3          5.13475E-027
200        143.12297e5      23.8729         -55581.7          5.13324E-027
205        51.20856e5       23.3375         -55562.8          5.13813E-027
205        60.53505e5       23.4139         -55562.2          5.13695E-027
205        71.56016e5       23.5493         -55521.0          5.13822E-027
205        80.64443e5       23.5850         -55511.4          5.13764E-027
205        100e5            23.6525         -55484.5          5.13953E-027
205        121.07235e5      23.7440         -55473.6          5.13851E-027
205        143.12297e5      23.7941         -55463.4          5.13935E-027
210        51.20856e5       23.1125         -55486.9          5.14279E-027
210        60.53505e5       23.2620         -55448.8          5.14257E-027
210        71.56016e5       23.3793         -55424.8          5.14318E-027
210        80.64443e5       23.4706         -55400.8          5.14370E-027
210        100e5            23.5493         -55379.9          5.14412E-027
210        121.07235e5      23.6427         -55350.8          5.14444E-027
210        143.12297e5      23.7199         -55334.2          5.14553E-027
215        51.20856e5       22.8214         -55418.0          5.14849E-027
215        60.53505e5       23.0129         -55371.4          5.14897E-027
215        71.56016e5       23.1620         -55336.4          5.14802E-027
215        80.64443e5       23.2940         -55311.8          5.14933E-027
215        100e5            23.4123         -55277.2          5.14978E-027
215        121.07235e5      23.5130         -55247.5          5.14922E-027
215        143.12297e5      23.6036         -55235.6          5.14975E-027
220        51.20856e5       22.5785         -55336.4          5.15384E-027
220        60.53505e5       22.7519         -55291.0          5.15482E-027
220        71.56016e5       22.9694         -55251.8          5.15308E-027
220        80.64443e5       23.0310         -55230.2          5.15346E-027
220        100e5            23.2266         -55178.0          5.15407E-027
220        121.07235e5      23.3803         -55147.5          5.15427E-027
220        143.12297e5      23.4675         -55117.2          5.15556E-027
225        51.20856e5       22.1780         -55293.5          5.15890E-027
225        60.53505e5       22.3950         -55238.8          5.15901E-027
225        71.56016e5       22.6720         -55177.0          5.15871E-027
225        80.64443e5       22.8216         -55138.4          5.15973E-027
225        100e5            23.0553         -55082.3          5.16053E-027
225        121.07235e5      23.2043         -55052.3          5.16101E-027
225        143.12297e5      23.3298         -55015.7          5.16093E-027
230        51.20856e5       21.8071         -55247.3          5.16305E-027
230        60.53505e5       22.1581         -55162.4          5.16342E-027
230        71.56016e5       22.3394         -55111.4          5.16464E-027
230        80.64443e5       22.6158         -55056.1          5.16372E-027
230        100e5            22.8230         -55003.9          5.16425E-027
230        121.07235e5      22.9999         -54964.4          5.16406E-027
230        143.12297e5      23.1249         -54919.4          5.16670E-027
235        51.20856e5       21.2289         -55244.3          5.16804E-027
235        60.53505e5       21.6998         -55129.6          5.16786E-027
235        71.56016e5       21.9850         -55062.4          5.16850E-027
235        80.64443e5       22.1777         -55010.8          5.16973E-027
235        100e5            22.5041         -54926.9          5.17035E-027
235        121.07235e5      22.7758         -54857.0          5.17120E-027
235        143.12297e5      22.8925         -54828.1          5.17185E-027
240        51.20856e5       20.7063         -55216.6          5.17271E-027
240        60.53505e5       21.1255         -55121.9          5.17234E-027
240        71.56016e5       21.5023         -55034.6          5.17395E-027
240        80.64443e5       21.7797         -54967.8          5.17360E-027
240        100e5            22.2186         -54855.8          5.17554E-027
240        121.07235e5      22.4793         -54795.0          5.17687E-027
240        143.12297e5      22.7548         -54739.7          5.17600E-027
245        51.20856e5       20.0673         -55230.6          5.17736E-027
245        60.53505e5       20.4857         -55127.0          5.17709E-027
245        71.56016e5       21.0237         -54998.7          5.17828E-027
245        80.64443e5       21.3881         -54916.6          5.17938E-027
245        100e5            21.8094         -54815.7          5.17965E-027
245        121.07235e5      22.1949         -54726.0          5.18202E-027
245        143.12297e5      22.4804         -54645.9          5.18144E-027
250        51.20856e5       19.2754         -55281.3          5.18072E-027
250        60.53505e5       19.8005         -55151.0          5.18312E-027
250        71.56016e5       20.5164         -54978.9          5.18399E-027
250        80.64443e5       20.8220         -54898.3          5.18358E-027
250        100e5            21.3635         -54764.2          5.18535E-027
250        121.07235e5      21.8594         -54658.6          5.18632E-027
250        143.12297e5      22.1373         -54588.7          5.18664E-027
255        51.20856e5       18.5994         -55305.1          5.18504E-027
255        60.53505e5       19.1738         -55158.1          5.18691E-027
255        71.56016e5       19.8612         -54994.0          5.18825E-027
255        80.64443e5       20.3232         -54879.3          5.18820E-027
255        100e5            20.9295         -54729.4          5.19114E-027
255        121.07235e5      21.3797         -54630.5          5.19152E-027
255        143.12297e5      21.7965         -54530.3          5.19304E-027
260        51.20856e5       17.7461         -55355.3          5.18895E-027
260        60.53505e5       18.6035         -55154.7          5.19139E-027
260        71.56016e5       19.2684         -54991.1          5.19340E-027
260        80.64443e5       19.6758         -54893.6          5.19421E-027
260        100e5            20.4050         -54709.3          5.19525E-027
260        121.07235e5      20.9559         -54576.2          5.19664E-027
260        143.12297e5      21.3676         -54468.8          5.19800E-027
265        51.20856e5       16.9661         -55408.1          5.19332E-027
265        60.53505e5       17.8108         -55202.5          5.19537E-027
265        71.56016e5       18.5313         -55013.1          5.19668E-027
265        80.64443e5       19.1106         -54879.1          5.19837E-027
265        100e5            19.9342         -54688.9          5.19989E-027
265        121.07235e5      20.4641         -54546.0          5.20159E-027
265        143.12297e5      20.9833         -54427.9          5.20312E-027
270        51.20856e5       16.1716         -55459.0          5.19709E-027
270        60.53505e5       16.9073         -55266.5          5.19877E-027
270        71.56016e5       17.6805         -55074.9          5.20140E-027
270        80.64443e5       18.3799         -54910.2          5.20268E-027
270        100e5            19.2289         -54697.0          5.20425E-027
270        121.07235e5      19.8875         -54535.8          5.20672E-027
270        143.12297e5      20.4710         -54400.3          5.20765E-027
275        51.20856e5       15.3334         -55515.9          5.20129E-027
275        60.53505e5       16.2262         -55285.3          5.20306E-027
275        71.56016e5       17.2039         -55045.8          5.20522E-027
275        80.64443e5       17.6458         -54939.9          5.20652E-027
275        100e5            18.6182         -54697.0          5.20904E-027
275        121.07235e5      19.4172         -54497.4          5.21069E-027
275        143.12297e5      20.0938         -54335.5          5.21259E-027
280        51.20856e5       14.4941         -55573.4          5.20454E-027
280        60.53505e5       15.3846         -55344.8          5.20681E-027
280        71.56016e5       16.2655         -55120.3          5.20902E-027
280        80.64443e5       16.8966         -54954.7          5.21091E-027
280        100e5            17.9285         -54698.5          5.21420E-027
280        121.07235e5      18.7972         -54503.5          5.21503E-027
280        143.12297e5      19.4556         -54335.5          5.21676E-027
285        51.20856e5       13.7779         -55604.8          5.20967E-027
285        60.53505e5       14.6571         -55372.6          5.21046E-027
285        71.56016e5       15.5127         -55162.4          5.21332E-027
285        80.64443e5       16.2179         -54980.9          5.21453E-027
285        100e5            17.2511         -54725.8          5.21719E-027
285        121.07235e5      18.1514         -54495.1          5.22047E-027
285        143.12297e5      18.9778         -54298.7          5.22185E-027
290        51.20856e5       12.8554         -55677.8          5.21208E-027
290        60.53505e5       13.8648         -55418.0          5.21558E-027
290        71.56016e5       14.7786         -55187.4          5.21857E-027
290        80.64443e5       15.4781         -55013.1          5.21895E-027
290        100e5            16.5883         -54726.9          5.22216E-027
290        121.07235e5      17.4834         -54500.0          5.22348E-027
290        143.12297e5      18.2765         -54298.0          5.22680E-027
295        51.20856e5       12.1815         -55706.6          5.21658E-027
295        60.53505e5       13.2095         -55435.2          5.21912E-027
295        71.56016e5       13.9992         -55224.2          5.22160E-027
295        80.64443e5       14.6734         -55053.5          5.22343E-027
295        100e5            15.9208         -54747.0          5.22686E-027
295        121.07235e5      16.9049         -54491.2          5.22876E-027
295        143.12297e5      17.6284         -54312.4          5.23149E-027
300        51.20856e5       11.5043         -55708.4          5.22070E-027
300        60.53505e5       12.4040         -55476.4          5.22317E-027
300        71.56016e5       13.4346         -55208.2          5.22593E-027
300        80.64443e5       14.0964         -55042.5          5.22757E-027
300        100e5            15.1523         -54775.7          5.22980E-027
300        121.07235e5      16.2449         -54476.7          5.23309E-027
300        143.12297e5      17.1112         -54277.4          5.23577E-027
