Temp         Pressure   NumberArgon     InternalEnergy     Volume
260          7.01E+06     22.2383         -54419.7       5.16721E-027 
260          7.18E+06     22.3010         -54404.4       5.16639E-027
260          7.37E+06     22.3301         -54394.9       5.16638E-027
260          7.79E+06     22.4218         -54368.8       5.16562E-027
260          8.03E+06     22.4893         -54364.1       5.16677E-027
260          8.21E+06     22.4722         -54359.3       5.16578E-027
260          8.49E+06     22.5595         -54337.3       5.16692E-027
261          7.01E+06     22.1922         -54394.7       5.16759E-027
261          7.18E+06     22.2193         -54395.3       5.16800E-027
261          7.37E+06     22.2783         -54378.4       5.16760E-027
261          7.79E+06     22.3921         -54344.4       5.16663E-027
261          8.03E+06     22.3897         -54337.9       5.16735E-027
261          8.21E+06     22.4331         -54336.5       5.16743E-027
261          8.49E+06     22.4947         -54328.2       5.16786E-027
262          7.01E+06     22.0900         -54397.7       5.16888E-027
262          7.18E+06     22.1797         -54372.3       5.16855E-027
262          7.37E+06     22.1921         -54371.7       5.16944E-027
262          7.79E+06     22.2972         -54352.3       5.16814E-027
262          8.03E+06     22.3035         -54333.6       5.16953E-027
262          8.21E+06     22.3779         -54323.3       5.16876E-027
262          8.49E+06     22.4295         -54308.7       5.16880E-027
263          7.01E+06     22.0588         -54374.9       5.16911E-027
263          7.18E+06     22.0628         -54371.6       5.17040E-027
263          7.37E+06     22.1227         -54345.8       5.16911E-027
263          7.79E+06     22.2131         -54329.1       5.16989E-027
263          8.03E+06     22.3111         -54301.8       5.16980E-027
263          8.21E+06     22.3655         -54293.7       5.17044E-027
263          8.49E+06     22.3819         -54292.4       5.16999E-027
264          7.01E+06     21.9640         -54362.4       5.17112E-027
264          7.18E+06     21.9955         -54355.6       5.17141E-027
264          7.37E+06     22.0932         -54335.3       5.17097E-027
264          7.79E+06     22.1711         -54312.4       5.17094E-027
264          8.03E+06     22.2617         -54303.3       5.17089E-027
264          8.21E+06     22.2779         -54285.7       5.17006E-027
264          8.49E+06     22.3270         -54273.7       5.17130E-027
265          7.01E+06     21.8574         -54346.4       5.17198E-027
265          7.18E+06     21.9337         -54337.9       5.17155E-027
265          7.37E+06     22.0048         -54328.0       5.17225E-027
265          7.79E+06     22.0721         -54304.3       5.17194E-027
265          8.03E+06     22.1523         -54287.1       5.17225E-027
265          8.21E+06     22.2166         -54271.4       5.17149E-027
265          8.49E+06     22.2620         -54267.4       5.17155E-027
266          7.01E+06     21.8015         -54350.0       5.17288E-027
266          7.18E+06     21.8327         -54336.9       5.17326E-027
266          7.37E+06     21.9415         -54309.4       5.17403E-027
266          7.79E+06     22.0373         -54284.9       5.17294E-027
266          8.03E+06     22.0901         -54262.2       5.17274E-027
266          8.21E+06     22.1140         -54256.8       5.17299E-027
266          8.49E+06     22.1717         -54238.6       5.17333E-027
267          7.01E+06     21.8144         -54313.8       5.17407E-027
267          7.18E+06     21.8203         -54312.1       5.17393E-027
267          7.37E+06     21.8467         -54311.1       5.17360E-027
267          7.79E+06     21.9173         -54275.7       5.17601E-027
267          8.03E+06     22.0513         -54250.2       5.17432E-027
267          8.21E+06     22.0973         -54249.6       5.17360E-027
267          8.49E+06     22.1312         -54231.5       5.17451E-027
268          7.01E+06     21.7048         -54308.0       5.17517E-027
268          7.18E+06     21.7210         -54298.2       5.17536E-027
268          7.37E+06     21.7419         -54283.0       5.17596E-027
268          7.79E+06     21.8955         -54264.5       5.17508E-027
268          8.03E+06     21.9424         -54251.6       5.17567E-027
268          8.21E+06     21.9708         -54242.4       5.17499E-027
268          8.49E+06     22.0780         -54228.2       5.17461E-027
269          7.01E+06     21.6337         -54288.1       5.17640E-027
269          7.18E+06     21.6320         -54290.8       5.17711E-027
269          7.37E+06     21.7059         -54273.4       5.17773E-027
269          7.79E+06     21.8007         -54247.3       5.17719E-027
269          8.03E+06     21.9254         -54222.1       5.17622E-027
269          8.21E+06     21.9419         -54223.3       5.17675E-027
269          8.49E+06     21.9451         -54222.7       5.17651E-027
270          7.01E+06     21.5435         -54281.9       5.17759E-027
270          7.18E+06     21.5490         -54287.6       5.17701E-027
270          7.37E+06     21.6421         -54265.8       5.17785E-027
270          7.79E+06     21.7774         -54239.0       5.17812E-027
270          8.03E+06     21.8005         -54233.0       5.17796E-027
270          8.21E+06     21.8805         -54205.7       5.17725E-027
270          8.49E+06     21.9251         -54193.0       5.17696E-027
271          7.01E+06     21.3962         -54286.3       5.17889E-027
271          7.18E+06     21.4832         -54274.3       5.17889E-027
271          7.37E+06     21.5585         -54247.1       5.17797E-027
271          7.79E+06     21.6897         -54213.9       5.17846E-027
271          8.03E+06     21.7554         -54208.5       5.17805E-027
271          8.21E+06     21.8017         -54195.3       5.17893E-027
271          8.49E+06     21.8335         -54179.4       5.17916E-027
272          7.01E+06     21.3079         -54273.6       5.17958E-027
272          7.18E+06     21.4369         -54251.9       5.17970E-027
272          7.37E+06     21.4537         -54248.4       5.18081E-027
272          7.79E+06     21.5728         -54221.8       5.18023E-027
272          8.03E+06     21.6517         -54198.1       5.18040E-027
272          8.21E+06     21.7111         -54197.1       5.17965E-027
272          8.49E+06     21.8221         -54165.1       5.17898E-027
273          7.01E+06     21.2804         -54249.2       5.18117E-027
273          7.18E+06     21.3246         -54249.8       5.18249E-027
273          7.37E+06     21.3780         -54229.9       5.18051E-027
273          7.79E+06     21.5100         -54188.1       5.18112E-027
273          8.03E+06     21.5751         -54181.7       5.18136E-027
273          8.21E+06     21.6581         -54178.5       5.18049E-027
273          8.49E+06     21.7143         -54155.3       5.18116E-027
274          7.01E+06     21.1965         -54243.8       5.18294E-027
274          7.18E+06     21.2303         -54240.3       5.18261E-027
274          7.37E+06     21.3260         -54213.7       5.18242E-027
274          7.79E+06     21.4311         -54190.8       5.18253E-027
274          8.03E+06     21.5225         -54179.5       5.18198E-027
274          8.21E+06     21.5676         -54162.3       5.18222E-027
274          8.49E+06     21.6294         -54139.8       5.18131E-027
275          7.01E+06     21.0454         -54242.6       5.18324E-027
275          7.18E+06     21.1398         -54225.0       5.18338E-027
275          7.37E+06     21.1815         -54207.6       5.18387E-027
275          7.79E+06     21.3272         -54176.8       5.18361E-027
275          8.03E+06     21.3925         -54164.8       5.18307E-027
275          8.21E+06     21.4800         -54145.9       5.18365E-027
275          8.49E+06     21.5721         -54133.2       5.18294E-027
276          7.01E+06     20.9788         -54226.7       5.18473E-027
276          7.18E+06     21.0511         -54225.1       5.18497E-027
276          7.37E+06     21.1137         -54198.4       5.18403E-027
276          7.79E+06     21.2586         -54172.3       5.18409E-027
276          8.03E+06     21.3446         -54152.1       5.18386E-027
276          8.21E+06     21.3593         -54130.2       5.18481E-027
276          8.49E+06     21.4985         -54118.5       5.18378E-027
277          7.01E+06     20.9092         -54226.6       5.18542E-027
277          7.18E+06     21.0050         -54197.9       5.18592E-027
277          7.37E+06     21.0357         -54183.9       5.18620E-027
277          7.79E+06     21.1724         -54158.8       5.18569E-027
277          8.03E+06     21.3006         -54129.7       5.18571E-027
277          8.21E+06     21.3268         -54126.0       5.18465E-027
277          8.49E+06     21.3975         -54105.2       5.18597E-027
278          7.01E+06     20.8078         -54214.3       5.18729E-027
278          7.18E+06     20.8830         -54205.8       5.18668E-027
278          7.37E+06     20.9634         -54175.5       5.18709E-027
278          7.79E+06     21.1550         -54128.6       5.18670E-027
278          8.03E+06     21.1623         -54126.7       5.18649E-027
278          8.21E+06     21.2304         -54121.5       5.18687E-027
278          8.49E+06     21.3201         -54095.1       5.18724E-027
279          7.01E+06     20.7491         -54208.4       5.18806E-027
279          7.18E+06     20.7785         -54190.9       5.18731E-027
279          7.37E+06     20.8807         -54172.7       5.18750E-027
279          7.79E+06     21.0024         -54142.1       5.18799E-027
279          8.03E+06     21.1004         -54114.2       5.18701E-027
279          8.21E+06     21.1725         -54089.4       5.18754E-027
279          8.49E+06     21.2130         -54085.7       5.18812E-027
280          7.01E+06     20.5956         -54210.8       5.18916E-027
280          7.18E+06     20.7028         -54180.3       5.18905E-027
280          7.37E+06     20.8028         -54163.6       5.18941E-027
280          7.79E+06     20.9496         -54129.8       5.18911E-027
280          8.03E+06     20.9779         -54111.6       5.18963E-027
280          8.21E+06     21.0370         -54095.0       5.18825E-027
280          8.49E+06     21.1500         -54068.4       5.18836E-027
281          7.01E+06     20.5406         -54192.2       5.19033E-027
281          7.18E+06     20.5658         -54189.2       5.19009E-027
281          7.37E+06     20.6423         -54157.5       5.19035E-027
281          7.79E+06     20.8693         -54109.6       5.19013E-027
281          8.03E+06     20.9126         -54105.1       5.18978E-027
281          8.21E+06     20.9700         -54093.6       5.19023E-027
281          8.49E+06     21.0631         -54064.9       5.19044E-027
282          7.01E+06     20.4102         -54178.8       5.19180E-027
282          7.18E+06     20.4470         -54183.1       5.19209E-027
282          7.37E+06     20.5312         -54155.0       5.19132E-027
282          7.79E+06     20.7327         -54101.8       5.19167E-027
282          8.03E+06     20.8283         -54077.2       5.19108E-027
282          8.21E+06     20.8535         -54087.9       5.19199E-027
282          8.49E+06     20.9437         -54060.2       5.19116E-027
283          7.01E+06     20.2826         -54185.2       5.19307E-027
283          7.18E+06     20.3973         -54151.6       5.19301E-027
283          7.37E+06     20.4699         -54156.5       5.19305E-027
283          7.79E+06     20.6317         -54100.1       5.19308E-027
283          8.03E+06     20.7181         -54077.6       5.19200E-027
283          8.21E+06     20.8277         -54060.4       5.19135E-027
283          8.49E+06     20.8888         -54038.9       5.19248E-027
284          7.01E+06     20.1973         -54179.7       5.19386E-027
284          7.18E+06     20.2746         -54154.2       5.19450E-027
284          7.37E+06     20.3890         -54135.0       5.19361E-027
284          7.79E+06     20.5260         -54097.0       5.19250E-027
284          8.03E+06     20.6414         -54064.7       5.19355E-027
284          8.21E+06     20.6992         -54060.8       5.19328E-027
284          8.49E+06     20.8176         -54022.7       5.19360E-027
285          7.01E+06     20.0950         -54168.3       5.19483E-027
285          7.18E+06     20.1665         -54148.4       5.19419E-027
285          7.37E+06     20.2449         -54120.0       5.19498E-027
285          7.79E+06     20.4153         -54088.1       5.19536E-027
285          8.03E+06     20.5087         -54058.8       5.19474E-027
285          8.21E+06     20.6535         -54040.8       5.19353E-027
285          8.49E+06     20.6930         -54035.8       5.19463E-027
286          7.01E+06     19.9833         -54164.2       5.19683E-027
286          7.18E+06     20.0609         -54142.8       5.19581E-027
286          7.37E+06     20.1682         -54115.1       5.19526E-027
286          7.79E+06     20.3738         -54072.2       5.19552E-027
286          8.03E+06     20.4244         -54057.7       5.19598E-027
286          8.21E+06     20.5295         -54040.8       5.19575E-027
286          8.49E+06     20.6182         -54024.3       5.19600E-027
287          7.01E+06     19.8860         -54156.1       5.19627E-027
287          7.18E+06     19.9678         -54137.0       5.19657E-027
287          7.37E+06     20.0751         -54123.6       5.19724E-027
287          7.79E+06     20.2198         -54080.6       5.19647E-027
287          8.03E+06     20.3731         -54043.0       5.19585E-027
287          8.21E+06     20.3933         -54032.9       5.19594E-027
287          8.49E+06     20.5705         -53996.3       5.19738E-027
288          7.01E+06     19.7963         -54140.4       5.19731E-027
288          7.18E+06     19.8305         -54134.0       5.19745E-027
288          7.37E+06     19.9590         -54103.5       5.19771E-027
288          7.79E+06     20.1264         -54071.8       5.19839E-027
288          8.03E+06     20.2862         -54032.4       5.19804E-027
288          8.21E+06     20.3570         -54015.2       5.19873E-027
288          8.49E+06     20.4755         -53982.6       5.19740E-027
289          7.01E+06     19.6727         -54133.1       5.19832E-027
289          7.18E+06     19.8136         -54110.9       5.19936E-027
289          7.37E+06     19.8280         -54097.8       5.19924E-027
289          7.79E+06     20.0449         -54068.0       5.19885E-027
289          8.03E+06     20.1316         -54038.0       5.20020E-027
289          8.21E+06     20.1720         -54018.3       5.19975E-027
289          8.49E+06     20.3243         -53983.9       5.19813E-027
290          7.01E+06     19.5296         -54140.8       5.20104E-027
290          7.18E+06     19.6104         -54119.4       5.19987E-027
290          7.37E+06     19.7165         -54099.8       5.20111E-027
290          7.79E+06     19.9258         -54049.8       5.20050E-027
290          8.03E+06     20.1173         -54006.4       5.19964E-027
290          8.21E+06     20.1146         -54012.8       5.19969E-027
290          8.49E+06     20.2009         -53992.9       5.20029E-027
291          7.01E+06     19.4761         -54134.5       5.20192E-027
291          7.18E+06     19.5302         -54114.4       5.20020E-027
291          7.37E+06     19.6792         -54086.5       5.20149E-027
291          7.79E+06     19.8358         -54053.0       5.20015E-027
291          8.03E+06     19.9152         -54019.9       5.20086E-027
291          8.21E+06     20.0441         -53995.6       5.20054E-027
291          8.49E+06     20.1602         -53973.8       5.20125E-027
292          7.01E+06     19.3187         -54129.0       5.20282E-027
292          7.18E+06     19.4111         -54114.7       5.20202E-027
292          7.37E+06     19.5115         -54084.4       5.20295E-027
292          7.79E+06     19.7400         -54035.8       5.20360E-027
292          8.03E+06     19.8239         -54012.8       5.20240E-027
292          8.21E+06     19.9727         -53984.0       5.20222E-027
292          8.49E+06     20.0323         -53962.5       5.20298E-027
293          7.01E+06     19.2602         -54122.5       5.20444E-027
293          7.18E+06     19.3007         -54105.5       5.20279E-027
293          7.37E+06     19.4292         -54078.4       5.20404E-027
293          7.79E+06     19.6424         -54037.3       5.20378E-027
293          8.03E+06     19.6986         -54022.9       5.20401E-027
293          8.21E+06     19.8437         -53980.3       5.20300E-027
293          8.49E+06     19.9208         -53961.2       5.20333E-027
294          7.01E+06     19.0931         -54127.0       5.20582E-027
294          7.18E+06     19.2105         -54095.3       5.20474E-027
294          7.37E+06     19.3714         -54066.4       5.20470E-027
294          7.79E+06     19.5222         -54015.4       5.20513E-027
294          8.03E+06     19.6503         -53987.0       5.20506E-027
294          8.21E+06     19.6950         -53977.4       5.20465E-027
294          8.49E+06     19.8679         -53941.4       5.20439E-027
295          7.01E+06     18.9326         -54127.0       5.20569E-027
295          7.18E+06     19.0606         -54108.9       5.20534E-027
295          7.37E+06     19.2102         -54071.5       5.20580E-027
295          7.79E+06     19.3950         -54023.5       5.20657E-027
295          8.03E+06     19.5116         -53991.4       5.20539E-027
295          8.21E+06     19.6119         -53964.6       5.20552E-027
295          8.49E+06     19.7438         -53947.5       5.20571E-027
296          7.01E+06     18.9109         -54104.3       5.20655E-027
296          7.18E+06     18.9443         -54100.9       5.20626E-027
296          7.37E+06     19.0626         -54060.6       5.20728E-027
296          7.79E+06     19.2932         -54014.7       5.20736E-027
296          8.03E+06     19.4228         -53985.4       5.20768E-027
296          8.21E+06     19.6011         -53954.3       5.20655E-027
296          8.49E+06     19.6450         -53937.5       5.20730E-027
297          7.01E+06     18.7635         -54117.9       5.20872E-027
297          7.18E+06     18.8235         -54089.3       5.20826E-027
297          7.37E+06     18.9212         -54062.7       5.20717E-027
297          7.79E+06     19.1990         -54009.1       5.20860E-027
297          8.03E+06     19.3179         -53978.2       5.20752E-027
297          8.21E+06     19.4353         -53953.6       5.20827E-027
297          8.49E+06     19.5124         -53929.8       5.20781E-027
298          7.01E+06     18.6014         -54117.1       5.21023E-027
298          7.18E+06     18.6989         -54089.5       5.20872E-027
298          7.37E+06     18.7730         -54076.7       5.20935E-027
298          7.79E+06     19.0644         -54014.1       5.20903E-027
298          8.03E+06     19.1520         -53977.9       5.20860E-027
298          8.21E+06     19.2822         -53948.6       5.20922E-027
298          8.49E+06     19.4469         -53922.9       5.20977E-027
299          7.01E+06     18.4711         -54115.4       5.21033E-027
299          7.18E+06     18.5611         -54093.7       5.21138E-027
299          7.37E+06     18.6830         -54058.8       5.21047E-027
299          7.79E+06     18.9216         -54012.1       5.21065E-027
299          8.03E+06     19.0491         -53976.4       5.21071E-027
299          8.21E+06     19.2179         -53951.6       5.21051E-027
299          8.49E+06     19.2999         -53921.2       5.21004E-027
300          7.01E+06     18.3666         -54092.7       5.21134E-027
300          7.18E+06     18.4684         -54076.0       5.21102E-027
300          7.37E+06     18.5761         -54044.9       5.21130E-027
300          7.79E+06     18.8077         -54002.2       5.21181E-027
300          8.03E+06     19.0009         -53966.3       5.21168E-027
300          8.21E+06     19.0321         -53955.3       5.21144E-027
300          8.49E+06     19.2065         -53907.8       5.21192E-027
301          7.01E+06     18.2383         -54115.4       5.21325E-027
301          7.18E+06     18.3364         -54077.8       5.21278E-027
301          7.37E+06     18.4797         -54050.9       5.21246E-027
301          7.79E+06     18.6958         -53993.6       5.21273E-027
301          8.03E+06     18.8570         -53956.0       5.21294E-027
301          8.21E+06     18.9360         -53937.0       5.21239E-027
301          8.49E+06     19.1003         -53903.1       5.21323E-027
302          7.01E+06     18.0825         -54100.6       5.21364E-027
302          7.18E+06     18.1624         -54091.9       5.21345E-027
302          7.37E+06     18.3874         -54034.6       5.21410E-027
302          7.79E+06     18.6238         -53998.2       5.21455E-027
302          8.03E+06     18.7349         -53958.3       5.21294E-027
302          8.21E+06     18.8392         -53940.1       5.21380E-027
302          8.49E+06     18.9417         -53901.5       5.21288E-027
303          7.01E+06     17.9370         -54097.4       5.21499E-027
303          7.18E+06     18.0819         -54066.6       5.21496E-027
303          7.37E+06     18.2133         -54045.9       5.21481E-027
303          7.79E+06     18.4904         -53975.2       5.21514E-027
303          8.03E+06     18.5613         -53965.4       5.21497E-027
303          8.21E+06     18.6938         -53929.4       5.21486E-027
303          8.49E+06     18.8981         -53882.8       5.21470E-027
304          7.01E+06     17.8511         -54100.0       5.21675E-027
304          7.18E+06     18.0352         -54068.5       5.21712E-027
304          7.37E+06     18.0735         -54050.9       5.21652E-027
304          7.79E+06     18.3547         -53983.9       5.21656E-027
304          8.03E+06     18.5206         -53938.5       5.21606E-027
304          8.21E+06     18.5891         -53926.8       5.21618E-027
304          8.49E+06     18.7199         -53892.7       5.21603E-027
305          7.01E+06     17.7715         -54090.6       5.21755E-027
305          7.18E+06     17.8118         -54075.3       5.21744E-027
305          7.37E+06     17.9691         -54039.7       5.21828E-027
305          7.79E+06     18.2879         -53972.5       5.21774E-027
305          8.03E+06     18.4337         -53939.6       5.21635E-027
305          8.21E+06     18.4053         -53944.2       5.21684E-027
305          8.49E+06     18.5749         -53894.9       5.21764E-027
306          7.01E+06     17.5939         -54104.7       5.21742E-027
306          7.18E+06     17.7723         -54069.1       5.21885E-027
306          7.37E+06     17.8050         -54041.2       5.21898E-027
306          7.79E+06     18.0919         -53976.3       5.21841E-027
306          8.03E+06     18.2498         -53943.8       5.21932E-027
306          8.21E+06     18.3236         -53921.4       5.21834E-027
306          8.49E+06     18.5595         -53878.8       5.21882E-027
307          7.01E+06     17.4718         -54084.4       5.21893E-027
307          7.18E+06     17.6337         -54059.9       5.21799E-027
307          7.37E+06     17.6830         -54047.0       5.22048E-027
307          7.79E+06     17.9683         -53979.3       5.21853E-027
307          8.03E+06     18.1448         -53937.9       5.21944E-027
307          8.21E+06     18.2196         -53904.3       5.21929E-027
307          8.49E+06     18.4050         -53884.6       5.21953E-027
308          7.01E+06     17.3407         -54096.5       5.22038E-027
308          7.18E+06     17.4877         -54060.2       5.21974E-027
308          7.37E+06     17.5690         -54039.6       5.21992E-027
308          7.79E+06     17.7286         -53930.0       5.21736E-027
308          8.03E+06     18.0590         -53927.4       5.22029E-027
308          8.21E+06     18.1150         -53905.9       5.21921E-027
308          8.49E+06     18.2872         -53870.4       5.22104E-027
309          7.01E+06     17.2091         -54090.7       5.22114E-027
309          7.18E+06     17.3787         -54053.3       5.22179E-027
309          7.37E+06     17.5106         -54023.7       5.22088E-027
309          7.79E+06     17.7344         -53968.0       5.22094E-027
309          8.03E+06     17.8671         -53929.8       5.22095E-027
309          8.21E+06     17.9963         -53914.5       5.22054E-027
309          8.49E+06     18.0760         -53885.9       5.22206E-027
310          7.01E+06     17.0731         -54082.6       5.22329E-027
310          7.18E+06     17.1438         -54075.9       5.22205E-027
310          7.37E+06     17.3076         -54038.1       5.22329E-027
310          7.79E+06     17.5818         -53977.9       5.22298E-027
310          8.03E+06     17.7591         -53932.2       5.22259E-027
310          8.21E+06     17.9094         -53903.9       5.22307E-027
310          8.49E+06     18.0490         -53859.1       5.22177E-027
