Temp         Pressure   NumberArgon     InternalEnergy     Volume
 200         8.0e+05     23.0684         -55895.5        5.10568E-027
 200         1.6e+06     23.5774         -55766.5        5.10501E-027
 200         2.4e+06     23.7998         -55722.6        5.10365E-027
 200         3.2e+06     23.9008         -55693.7        5.10467E-027
 200         4.0e+06     23.9752         -55660.9        5.10479E-027
 200         5.0e+06     24.0590         -55643.4        5.10535E-027
 205         8.0e+05     22.7360         -55840.4        5.11115E-027
 205         1.6e+06     23.4052         -55690.1        5.11015E-027
 205         2.4e+06     23.6718         -55615.1        5.11015E-027
 205         3.2e+06     23.7782         -55583.5        5.10960E-027
 205         4.0e+06     23.8878         -55546.8        5.11055E-027
 205         5.0e+06     23.9702         -55549.1        5.10834E-027
 210         8.0e+05     22.3378         -55802.9        5.11574E-027
 210         1.6e+06     23.2282         -55591.8        5.11629E-027
 210         2.4e+06     23.5036         -55522.9        5.11406E-027
 210         3.2e+06     23.6700         -55476.0        5.11481E-027
 210         4.0e+06     23.7692         -55453.8        5.11561E-027
 210         5.0e+06     23.8952         -55427.1        5.11327E-027
 215         8.0e+05     21.8982         -55769.7        5.11990E-027
 215         1.6e+06     22.8914         -55516.7        5.12077E-027
 215         2.4e+06     23.3248         -55435.9        5.11993E-027
 215         3.2e+06     23.5222         -55377.4        5.12136E-027
 215         4.0e+06     23.6640         -55337.7        5.11897E-027
 215         5.0e+06     23.7664         -55308.8        5.11990E-027
 220         8.0e+05     21.2622         -55779.5        5.12634E-027
 220         1.6e+06     22.6452         -55452.8        5.12595E-027
 220         2.4e+06     23.0672         -55344.3        5.12585E-027
 220         3.2e+06     23.3146         -55282.3        5.12625E-027
 220         4.0e+06     23.5376         -55240.1        5.12502E-027
 220         5.0e+06     23.6892         -55204.7        5.12406E-027
 225         8.0e+05     20.5684         -55810.0        5.13128E-027
 225         1.6e+06     22.2174         -55410.6        5.13160E-027
 225         2.4e+06     22.8600         -55264.9        5.13044E-027
 225         3.2e+06     23.1492         -55201.9        5.13017E-027
 225         4.0e+06     23.3388         -55146.7        5.12946E-027
 225         5.0e+06     23.5282         -55100.7        5.13034E-027
 230         8.0e+05     19.6662         -55890.4        5.13692E-027
 230         1.6e+06     21.7472         -55383.1        5.13645E-027
 230         2.4e+06     22.4668         -55218.2        5.13621E-027
 230         3.2e+06     22.8990         -55114.4        5.13600E-027
 230         4.0e+06     23.1420         -55053.4        5.13471E-027
 230         5.0e+06     23.3630         -55000.3        5.13508E-027
 235         8.0e+05     18.6980         -55981.7        5.14136E-027
 235         1.6e+06     21.1944         -55381.2        5.14016E-027
 235         2.4e+06     22.1064         -55168.9        5.14168E-027
 235         3.2e+06     22.6284         -55039.4        5.14062E-027
 235         4.0e+06     22.8738         -54975.0        5.14101E-027
 235         5.0e+06     23.1478         -54927.6        5.13886E-027
 240         8.0e+05     17.7556         -56076.7        5.14849E-027
 240         1.6e+06     20.5460         -55386.4        5.14638E-027
 240         2.4e+06     21.6388         -55133.2        5.14629E-027
 240         3.2e+06     22.2578         -54994.5        5.14600E-027
 240         4.0e+06     22.5944         -54905.2        5.14578E-027
 240         5.0e+06     22.9004         -54831.5        5.14664E-027
 245         8.0e+05     16.6188         -56199.3        5.15334E-027
 245         1.6e+06     19.8868         -55410.9        5.15213E-027
 245         2.4e+06     21.1444         -55095.6        5.15186E-027
 245         3.2e+06     21.8118         -54945.2        5.15243E-027
 245         4.0e+06     22.2678         -54832.9        5.15149E-027
 245         5.0e+06     22.6324         -54755.6        5.15133E-027
 250         8.0e+05     15.4780         -56361.8        5.15865E-027
 250         1.6e+06     19.0580         -55462.2        5.15680E-027
 250         2.4e+06     20.5358         -55106.7        5.15635E-027
 250         3.2e+06     21.3250         -54914.1        5.15701E-027
 250         4.0e+06     21.8714         -54787.0        5.15680E-027
 250         5.0e+06     22.3364         -54681.5        5.15555E-027
 255         8.0e+05     14.2888         -56510.9        5.16241E-027
 255         1.6e+06     18.2998         -55502.0        5.16208E-027
 255         2.4e+06     19.9280         -55107.1        5.16338E-027
 255         3.2e+06     20.8312         -54890.7        5.16202E-027
 255         4.0e+06     21.4850         -54741.3        5.16291E-027
 255         5.0e+06     21.9256         -54647.4        5.16223E-027
 260         8.0e+05     13.0174         -56686.3        5.16684E-027
 260         1.6e+06     17.2306         -55608.9        5.16807E-027
 260         2.4e+06     19.1866         -55140.3        5.16829E-027
 260         3.2e+06     20.2784         -54869.1        5.16621E-027
 260         4.0e+06     20.8994         -54726.1        5.16690E-027
 260         5.0e+06     21.4916         -54581.1        5.16687E-027
