Temp         Pressure       HRgas
260          7.01E+06     -701.7395
260          7.18E+06     -718.9371
260          7.37E+06     -738.1509
260          7.79E+06     -780.5879
260          8.03E+06     -804.8096
260          8.21E+06     -822.9595
260          8.49E+06     -851.1602
261          7.01E+06     -696.2354
261          7.18E+06     -713.2776
261          7.37E+06     -732.3169
261          7.79E+06     -774.3648
261          8.03E+06     -798.3623
261          8.21E+06     -816.3432
261          8.49E+06     -844.2798
262          7.01E+06     -690.8008
262          7.18E+06     -707.6902
262          7.37E+06     -726.5577
262          7.79E+06     -768.2228
262          8.03E+06     -791.9997
262          8.21E+06     -809.8143
262          8.49E+06     -837.4911
263          7.01E+06     -685.4345
263          7.18E+06     -702.1734
263          7.37E+06     -720.8718
263          7.79E+06     -762.1601
263          8.03E+06     -785.7199
263          8.21E+06     -803.371
263          8.49E+06     -830.7922
264          7.01E+06     -680.135
264          7.18E+06     -696.7256
264          7.37E+06     -715.2575
264          7.79E+06     -756.175
264          8.03E+06     -779.5212
264          8.21E+06     -797.0114
264          8.49E+06     -824.1811
265          7.01E+06     -674.9008
265          7.18E+06     -691.3455
265          7.37E+06     -709.7135
265          7.79E+06     -750.2658
265          8.03E+06     -773.4018
265          8.21E+06     -790.7336
265          8.49E+06     -817.6559
266          7.01E+06     -669.7308
266          7.18E+06     -686.0317
266          7.37E+06     -704.2382
266          7.79E+06     -744.431
266          8.03E+06     -767.36
266          8.21E+06     -784.5359
266          8.49E+06     -811.2147
267          7.01E+06     -664.6235
267          7.18E+06     -680.7828
267          7.37E+06     -698.8303
267          7.79E+06     -738.669
267          8.03E+06     -761.3942
267          8.21E+06     -778.4167
267          8.49E+06     -804.8558
268          7.01E+06     -659.5777
268          7.18E+06     -675.5975
268          7.37E+06     -693.4883
268          7.79E+06     -732.9783
268          8.03E+06     -755.5029
268          8.21E+06     -772.3742
268          8.49E+06     -798.5773
269          7.01E+06     -654.5923
269          7.18E+06     -670.4745
269          7.37E+06     -688.211
269          7.79E+06     -727.3574
269          8.03E+06     -749.6844
269          8.21E+06     -766.4069
269          8.49E+06     -792.3776
270          7.01E+06     -649.666
270          7.18E+06     -665.4127
270          7.37E+06     -682.9971
270          7.79E+06     -721.805
270          8.03E+06     -743.9373
270          8.21E+06     -760.5132
270          8.49E+06     -786.2551
271          7.01E+06     -644.7976
271          7.18E+06     -660.4108
271          7.37E+06     -677.8452
271          7.79E+06     -716.3196
271          8.03E+06     -738.2601
271          8.21E+06     -754.6917
271          8.49E+06     -780.2081
272          7.01E+06     -639.9861
272          7.18E+06     -655.4676
272          7.37E+06     -672.7543
272          7.79E+06     -710.9
272          8.03E+06     -732.6514
272          8.21E+06     -748.9407
272          8.49E+06     -774.2351
273          7.01E+06     -635.2303
273          7.18E+06     -650.582
273          7.37E+06     -667.7231
273          7.79E+06     -705.5448
273          8.03E+06     -727.1099
273          8.21E+06     -743.2591
273          8.49E+06     -768.3346
274          7.01E+06     -630.5293
274          7.18E+06     -645.753
274          7.37E+06     -662.7504
274          7.79E+06     -700.2527
274          8.03E+06     -721.6343
274          8.21E+06     -737.6453
274          8.49E+06     -762.5052
275          7.01E+06     -625.882
275          7.18E+06     -640.9794
275          7.37E+06     -657.8352
275          7.79E+06     -695.0225
275          8.03E+06     -716.2232
275          8.21E+06     -732.098
275          8.49E+06     -756.7454
276          7.01E+06     -621.2873
276          7.18E+06     -636.2602
276          7.37E+06     -652.9763
276          7.79E+06     -689.8531
276          8.03E+06     -710.8753
276          8.21E+06     -726.6159
276          8.49E+06     -751.0539
277          7.01E+06     -616.7444
277          7.18E+06     -631.5943
277          7.37E+06     -648.1727
277          7.79E+06     -684.7433
277          8.03E+06     -705.5896
277          8.21E+06     -721.1978
277          8.49E+06     -745.4292
278          7.01E+06     -612.2522
278          7.18E+06     -626.9809
278          7.37E+06     -643.4233
278          7.79E+06     -679.6919
278          8.03E+06     -700.3647
278          8.21E+06     -715.8424
278          8.49E+06     -739.8703
279          7.01E+06     -607.8098
279          7.18E+06     -622.4189
279          7.37E+06     -638.7273
279          7.79E+06     -674.6979
279          8.03E+06     -695.1995
279          8.21E+06     -710.5485
279          8.49E+06     -734.3756
280          7.01E+06     -603.4163
280          7.18E+06     -617.9074
280          7.37E+06     -634.0835
280          7.79E+06     -669.7601
280          8.03E+06     -690.093
280          8.21E+06     -705.315
280          8.49E+06     -728.9441
281          7.01E+06     -599.0708
281          7.18E+06     -613.4455
281          7.37E+06     -629.491
281          7.79E+06     -664.8776
281          8.03E+06     -685.0439
281          8.21E+06     -700.1408
281          8.49E+06     -723.5746
282          7.01E+06     -594.7726
282          7.18E+06     -609.0323
282          7.37E+06     -624.9489
282          7.79E+06     -660.0493
282          8.03E+06     -680.0513
282          8.21E+06     -695.0246
282          8.49E+06     -718.2658
283          7.01E+06     -590.5207
283          7.18E+06     -604.6669
283          7.37E+06     -620.4563
283          7.79E+06     -655.2743
283          8.03E+06     -675.1142
283          8.21E+06     -689.9656
283          8.49E+06     -713.0166
284          7.01E+06     -586.3143
284          7.18E+06     -600.3485
284          7.37E+06     -616.0123
284          7.79E+06     -650.5515
284          8.03E+06     -670.2314
284          8.21E+06     -684.9625
284          8.49E+06     -707.826
285          7.01E+06     -582.1527
285          7.18E+06     -596.0763
285          7.37E+06     -611.6161
285          7.79E+06     -645.8801
285          8.03E+06     -665.402
285          8.21E+06     -680.0144
285          8.49E+06     -702.6929
286          7.01E+06     -578.035
286          7.18E+06     -591.8494
286          7.37E+06     -607.2668
286          7.79E+06     -641.2591
286          8.03E+06     -660.6252
286          8.21E+06     -675.1204
286          8.49E+06     -697.6161
287          7.01E+06     -573.9606
287          7.18E+06     -587.6671
287          7.37E+06     -602.9636
287          7.79E+06     -636.6876
287          8.03E+06     -655.8998
287          8.21E+06     -670.2793
287          8.49E+06     -692.5948
288          7.01E+06     -569.9286
288          7.18E+06     -583.5286
288          7.37E+06     -598.7057
288          7.79E+06     -632.1648
288          8.03E+06     -651.225
288          8.21E+06     -665.4904
288          8.49E+06     -687.6279
289          7.01E+06     -565.9384
289          7.18E+06     -579.4331
289          7.37E+06     -594.4924
289          7.79E+06     -627.6898
289          8.03E+06     -646.6
289          8.21E+06     -660.7527
289          8.49E+06     -682.7144
290          7.01E+06     -561.9892
290          7.18E+06     -575.38
290          7.37E+06     -590.3228
290          7.79E+06     -623.2618
290          8.03E+06     -642.0239
290          8.21E+06     -656.0652
290          8.49E+06     -677.8534
291          7.01E+06     -558.0804
291          7.18E+06     -571.3685
291          7.37E+06     -586.1962
291          7.79E+06     -618.8801
291          8.03E+06     -637.4958
291          8.21E+06     -651.4271
291          8.49E+06     -673.0441
292          7.01E+06     -554.2113
292          7.18E+06     -567.3979
292          7.37E+06     -582.112
292          7.79E+06     -614.5437
292          8.03E+06     -633.0149
292          8.21E+06     -646.8376
292          8.49E+06     -668.2853
293          7.01E+06     -550.3813
293          7.18E+06     -563.4676
293          7.37E+06     -578.0693
293          7.79E+06     -610.252
293          8.03E+06     -628.5804
293          8.21E+06     -642.2958
293          8.49E+06     -663.5764
294          7.01E+06     -546.5896
294          7.18E+06     -559.5769
294          7.37E+06     -574.0676
294          7.79E+06     -606.0041
294          8.03E+06     -624.1915
294          8.21E+06     -637.801
294          8.49E+06     -658.9165
295          7.01E+06     -542.8358
295          7.18E+06     -555.7251
295          7.37E+06     -570.1062
295          7.79E+06     -601.7994
295          8.03E+06     -619.8474
295          8.21E+06     -633.3522
295          8.49E+06     -654.3047
296          7.01E+06     -539.1191
296          7.18E+06     -551.9116
296          7.37E+06     -566.1843
296          7.79E+06     -597.6372
296          8.03E+06     -615.5475
296          8.21E+06     -628.9488
296          8.49E+06     -649.7402
297          7.01E+06     -535.439
297          7.18E+06     -548.1358
297          7.37E+06     -562.3013
297          7.79E+06     -593.5167
297          8.03E+06     -611.2909
297          8.21E+06     -624.59
297          8.49E+06     -645.2222
298          7.01E+06     -531.7949
298          7.18E+06     -544.3971
298          7.37E+06     -558.4567
298          7.79E+06     -589.4373
298          8.03E+06     -607.077
298          8.21E+06     -620.2751
298          8.49E+06     -640.7499
299          7.01E+06     -528.1863
299          7.18E+06     -540.6949
299          7.37E+06     -554.6498
299          7.79E+06     -585.3983
299          8.03E+06     -602.905
299          8.21E+06     -616.0034
299          8.49E+06     -636.3227
300          7.01E+06     -524.6125
300          7.18E+06     -537.0287
300          7.37E+06     -550.88
300          7.79E+06     -581.399
300          8.03E+06     -598.7744
300          8.21E+06     -611.774
300          8.49E+06     -631.9397
301          7.01E+06     -521.073
301          7.18E+06     -533.3978
301          7.37E+06     -547.1467
301          7.79E+06     -577.4389
301          8.03E+06     -594.6843
301          8.21E+06     -607.5865
301          8.49E+06     -627.6002
302          7.01E+06     -517.5674
302          7.18E+06     -529.8017
302          7.37E+06     -543.4494
302          7.79E+06     -573.5173
302          8.03E+06     -590.6343
302          8.21E+06     -603.44
302          8.49E+06     -623.3036
303          7.01E+06     -514.095
303          7.18E+06     -526.2399
303          7.37E+06     -539.7875
303          7.79E+06     -569.6336
303          8.03E+06     -586.6235
303          8.21E+06     -599.3339
303          8.49E+06     -619.0491
304          7.01E+06     -510.6554
304          7.18E+06     -522.7118
304          7.37E+06     -536.1604
304          7.79E+06     -565.7872
304          8.03E+06     -582.6516
304          8.21E+06     -595.2677
304          8.49E+06     -614.8361
305          7.01E+06     -507.2481
305          7.18E+06     -519.217
305          7.37E+06     -532.5676
305          7.79E+06     -561.9775
305          8.03E+06     -578.7177
305          8.21E+06     -591.2406
305          8.49E+06     -610.6639
306          7.01E+06     -503.8725
306          7.18E+06     -515.7549
306          7.37E+06     -529.0086
306          7.79E+06     -558.2039
306          8.03E+06     -574.8213
306          8.21E+06     -587.252
306          8.49E+06     -606.5318
307          7.01E+06     -500.5283
307          7.18E+06     -512.325
307          7.37E+06     -525.4829
307          7.79E+06     -554.466
307          8.03E+06     -570.9619
307          8.21E+06     -583.3014
307          8.49E+06     -602.4393
308          7.01E+06     -497.2149
308          7.18E+06     -508.9269
308          7.37E+06     -521.99
308          7.79E+06     -550.7631
308          8.03E+06     -567.1389
308          8.21E+06     -579.3882
308          8.49E+06     -598.3858
309          7.01E+06     -493.9319
309          7.18E+06     -505.56
309          7.37E+06     -518.5294
309          7.79E+06     -547.0948
309          8.03E+06     -563.3517
309          8.21E+06     -575.5118
309          8.49E+06     -594.3705
310          7.01E+06     -490.6788
310          7.18E+06     -502.224
310          7.37E+06     -515.1005
310          7.79E+06     -543.4604
310          8.03E+06     -559.5998
310          8.21E+06     -571.6716
310          8.49E+06     -590.393
